[ 2811.543128] [Project1] 2950 1588099947.049707393 1588099947.813824448
[ 2813.038416] [Project1] 2951 1588099948.547904845 1588099949.309112533
[ 2814.531660] [Project1] 2952 1588099950.040126447 1588099950.802351865
[ 2816.024611] [Project1] 2953 1588099951.533145735 1588099952.295307531
[ 2817.531549] [Project1] 2954 1588099953.022876761 1588099953.802232481
[ 2819.026784] [Project1] 2955 1588099954.535687840 1588099955.297480880
[ 2820.526328] [Project1] 2956 1588099956.024976040 1588099956.797024300
[ 2822.012982] [Project1] 2957 1588099957.529269897 1588099958.283678475
[ 2823.499953] [Project1] 2958 1588099959.014543084 1588099959.770649466
[ 2824.982181] [Project1] 2959 1588099960.500365798 1588099961.252877249
